20

0.0160523	0.0559282	0.0309601	0.117224	0.0286812	0.0163072	0.0564729	0.0317248	0.118708	0.0287562	0.0159723	0.0550636	0.0316498	0.117194	0.0285663	0.0164671	0.0552985	0.0322045	0.118078	0.0286912	

0 0.028 0 0 0 0 0.028 0 0 0 0 0.028 0 0 0 0 0.028 0 0 0

0.65	0.1	0.05	0.02	0	0	0	0	0	0	0	0	0	0	0	0	0	0	0	0	
0.43	1	0.14	0.13	0.01	0.01	0.38	0	0.01	0.01	0	0.27	0.03	0.03	0.02	0.01	0.33	0.02	0	0	
0.13	0.06	0.2	0.07	0	0.01	0	0.03	0.06	0	0.03	0.01	0.03	0.01	0.01	0	0.01	0.05	0.01	0.04	
0.38	0.56	0.3	0.38	0.13	0.06	0.04	0.15	0.09	0.03	0.03	0.08	0.16	0.13	0.03	0.01	0.06	0.14	0.11	0.06	
0.03	0.07	0.04	0.08	0.17	0.02	0.03	0.01	0.01	0.01	0	0.01	0.02	0.03	0.03	0.01	0	0.01	0.03	0.02	
0	0	0.01	0	0	0.66	0.13	0.07	0.02	0	0	0	0	0	0	0	0	0.01	0	0	
0.03	0.55	0	0.02	0.01	0.43	0.96	0.06	0.08	0.04	0.03	0.24	0	0.02	0.02	0.03	0.21	0.01	0	0.03	
0	0.02	0	0.07	0.02	0.2	0.09	0.14	0.06	0.03	0.01	0.02	0.03	0.01	0.02	0.01	0.01	0.02	0.01	0.01	
0.01	0.03	0.17	0.15	0.06	0.42	0.47	0.4	0.42	0.18	0.03	0.07	0.13	0.1	0.05	0.04	0.03	0.1	0.13	0.02	
0	0.01	0.02	0.01	0.02	0.05	0.05	0.03	0.07	0.15	0.01	0	0	0.02	0.01	0.03	0	0.01	0.04	0.02	
0	0	0.01	0	0	0	0	0	0	0	0.65	0.08	0.05	0.03	0.01	0	0.02	0.02	0.01	0	
0.01	0.26	0.01	0.03	0	0.01	0.24	0.02	0.01	0.01	0.42	0.97	0.08	0.19	0.03	0	0.49	0	0.02	0.02	
0	0	0.08	0.02	0.02	0	0.01	0.02	0.03	0.02	0.13	0.04	0.21	0.08	0.04	0	0.01	0.04	0.01	0.02	
0.03	0.02	0.09	0.1	0.08	0.02	0.04	0.07	0.11	0.02	0.44	0.49	0.25	0.37	0.19	0.04	0.05	0.18	0.08	0.04	
0	0.02	0.01	0	0	0	0.01	0.01	0	0.01	0.03	0.05	0.05	0.07	0.19	0.01	0	0	0.02	0.01	
0.01	0.01	0	0	0	0.01	0.01	0	0	0	0	0.01	0	0	0	0.47	0.06	0.06	0.05	0.01	
0.01	0.31	0.02	0	0.01	0.01	0.22	0.01	0.01	0	0.02	0.45	0.03	0	0.02	0.46	1.12	0.1	0.19	0.05	
0.02	0.01	0.03	0.02	0.01	0	0	0.05	0.03	0.01	0.02	0.03	0.05	0.04	0	0.15	0.1	0.14	0.17	0.05	
0.02	0.05	0.14	0.12	0.03	0.05	0.04	0.15	0.1	0.04	0.02	0.05	0.11	0.17	0.07	0.34	0.47	0.32	0.22	0.13	
0.01	0.05	0.03	0.02	0.02	0.01	0.03	0.02	0.03	0	0.01	0.01	0.03	0.01	0.03	0.04	0.04	0.05	0.04	0.2	

0.85

0.5 0.5 0.5 0.5 0.5 0.5 0.5 0.5 0.5 0.5 0.5 0.5 0.5 0.5 0.5 0.5 0.5 0.5 0.5 0.5

1.0

0.05

0.111

0.435 0.454 0.327 0.327 0.327 0.435 0.454 0.327 0.327 0.327 0.435 0.454 0.327 0.327 0.327 0.435 0.454 0.327 0.327 0.327

0.835 0.835 0.835 0.835 0.835 0.835 0.835 0.835 0.835 0.835 0.835 0.835 0.835 0.835 0.835 0.835 0.835 0.835 0.835 0.835

1 1 1 0.85 0.75 1 1 1 0.85 0.75 1 1 1 0.85 0.75 1 1 1 0.85 0.75